  15172 
  14120 
  17321 
   8037 
   1208 
   3541 
   5620 
    352 
   3253 
  -5750 
   3156 
  -6032 
   2605 
    -69 
   3684 
   1213 
  -1533 
   1915 
  -1260 
  -3088 
   -696 
  -4889 
  -3256 
    -25 
   -104 
    107 
  -2439 
    947 
    896 
  -3408 
   4016 
   -189 
  -3474 
   1911 
    185 
   -274 
   3119 
  -1913 
    478 
     16 
   -369 
   -630 
    115 
  -2674 
  -3212 
   -414 
   2522 
   1199 
   2427 
  -3964 
   1727 
   1107 
    510 
   1943 
    672 
  -1564 
    983 
  -1532 
   3201 
  -1176 
  -2217 
    694 
   1432 
  -2557 
    822 
   -662 
   1947 
  -1343 
  -2099 
   2472 
   1595 
   -472 
    339 
   2343 
    395 
   -246 
  -2145 
   2643 
    676 
  -1115 
   2279 
   2799 
    137 
  -1586 
   -248 
   -198 
   1135 
  -2664 
   -885 
   -608 
  -2507 
  -1072 
    648 
   1379 
  -1013 
   -186 
    555 
   -570 
  -2432 
   1113 
    143 
    801 
    -22 
  -1149 
  -1098 
  -1319 
   -867 
   2728 
   -397 
   -139 
  -1779 
  -2375 
   1654 
  -1939 
  -2203 
   -890 
   2093 
  -1662 
   1217 
  -1085 
    264 
    747 
   -378 
    761 
   -361 
    629 
    538 
   -877 
   1349 
   1700 
   -599 
    571 
   -452 
     17 
    -34 
    -31 
   -361 
  -1530 
   -530 
  -1519 
   1284 
    603 
   1544 
   1520 
    911 
  -1274 
  -1279 
   -687 
   1382 
    -28 
   1644 
    596 
    517 
  -1060 
  -1264 
   1402 
   1588 
  -1387 
    812 
   -933 
    482 
    309 
   -855 
    464 
   -876 
   1126 
   -219 
    653 
    818 
   -231 
    922 
   -801 
  -1147 
   1373 
    945 
  -1332 
   -301 
   1319 
   -797 
    445 
   1465 
     81 
    134 
   1638 
   -526 
      3 
    771 
   -625 
  -1427 
    809 
  -1240 
  -1484 
   -284 
    678 
   -484 
   -103 
  -1617 
   -812 
     53 
    342 
   1368 
   1276 
   1606 
    923 
   1151 
  -1246 
   -178 
    -23 
   -185 
    539 
   -737 
   1108 
    114 
   1586 
   1158 
  -1556 
   -777 
   -862 
   -323 
    602 
  -1282 
  -1108 
   1009 
    545 
   -613 
    864 
    -71 
   1617 
    781 
   1316 
  -1237 
  -1021 
     80 
   -747 
   -170 
   1361 
   1353 
   -364 
  -1488 
    897 
   1532 
   1537 
   1134 
  -1273 
   1051 
    -83 
  -1441 
  -1549 
    -74 
  -1158 
   1293 
  -1009 
   1690 
   -399 
    416 
    455 

