   1698 
    199 
   3043 
   2801 
   1563 
   2981 
   1015 
   2408 
    127 
   2094 
   2188 
   3195 
   1712 
     44 
    415 
   2472 
   2052 
  -2958 
   2255 
   -725 
  -4352 
  -2907 
   4715 
   -479 
    328 
   -717 
    103 
   1165 
   1008 
  -1948 
  -5631 
   1168 
  -1460 
  -1619 
    185 
  -3064 
  -1061 
    717 
    450 
    323 
  -1807 
  -3188 
   2433 
   1966 
   -672 
  -3487 
    -56 
   3202 
   3807 
   -608 
   -691 
      7 
  -2763 
  -2457 
   1685 
   -348 
  -2515 
   3165 
   -510 
   -169 
     75 
    244 
   2065 
   -386 
   1131 
   -343 
    890 
   -892 
  -1913 
  -1859 
    546 
   -772 
   -579 
  -2534 
   -237 
    434 
   1436 
  -1084 
  -1219 
  -2682 
   1583 
   1188 
   -196 
     23 
    273 
   -837 
   1069 
  -1310 
    213 
  -2704 
   1512 
  -1048 
   1684 
    -42 
    353 
   2038 
   1514 
   -822 
   -513 
  -1387 
   1329 
   1297 
  -2419 
  -1377 
   -406 
  -1854 
   1783 
    908 
  -2226 
   1395 
   2509 
  -1760 
   1592 
    471 
  -1027 
  -1756 
  -1722 
    222 
   -176 
   -992 
   -646 
    254 
   -169 
    762 
   2718 
   1760 
    390 
   -748 
   -404 
   -498 
   1647 
   -797 
     25 
    841 
  -1636 
   1571 
    -43 
   -853 
   1534 
   1536 
   -547 
   1516 
   1520 
   -977 
    783 
   1316 
  -1297 
    525 
  -1656 
   -233 
   -366 
   -107 
    339 
   1138 
   -939 
    276 
    732 
   -511 
   1049 
   -902 
  -1087 
  -1075 
   1316 
  -1303 
  -1357 
   -395 
    934 
   -314 
    987 
   1321 
   -689 
   -262 
     24 
    212 
    737 
    653 
   -526 
   1233 
   -337 
   -436 
  -1334 
    287 
   1129 
   1338 
    350 
    963 
   1135 
   1331 
    674 
   1298 
     26 
   -903 
   1629 
    876 
  -1478 
    279 
   1408 
    -15 
    346 
   -661 
   1382 
     54 
  -1317 
  -1580 
  -1457 
  -1577 
   -502 
    562 
   1187 
  -1439 
    645 
    179 
     66 
   1016 
    801 
    475 
    611 
    861 
   1227 
   -442 
   1515 
    204 
   1378 
   1194 
  -1186 
   -723 
     78 
    559 
   1271 
   1620 
    485 
  -1009 
   1539 
   -899 
    390 
  -1680 
   1177 
  -1400 
    685 
   -270 
   -383 
    731 
   1131 
    184 
    482 
   -997 
    914 
    176 
    578 
   -938 
   1504 
    336 
  -1207 
   -233 
  -1578 
    -86 

